0.00
16.40
16.65
18.44
15.99
19.30
18.29
20.07
17.37
18.74
20.33
21.47
22.73
19.22
23.18
21.77
24.63
18.82
20.70
22.95
22.73
17.78
22.29
19.06
22.84
23.18
18.44
19.72
20.15
20.15
19.22
20.79
18.98
20.15
19.22
20.33
21.67
20.98
21.98
23.18
23.65
28.10
26.12
25.29
23.77
22.29
24.38
23.41
21.87
23.06
16.16
18.66
18.36
17.92
16.46
17.64
16.22
17.23
16.46
25.15
20.24
28.10
20.24
21.67
21.57
20.98
23.53
20.33
22.08
22.95
19.14
16.22
13.12
11.38
10.02
9.28
9.87
11.35
11.77
12.69
13.37
14.40
15.48
17.16
18.14
19.22
20.51
21.17
17.85
18.07
20.89
17.37
22.29
20.98
24.38
25.56
22.73
19.89
24.13
25.02
19.06
22.95
17.78
22.84
27.00
19.38
24.89
23.65
18.74
20.98
21.27
19.98
19.72
18.07
16.65
14.55
13.46
12.81
11.41
10.87
10.79
10.38
9.76
9.31
9.39
10.00
10.79
11.14
11.17
11.74
12.50
12.96
13.76
14.31
14.60
15.48
16.05
17.37
18.21
19.06
20.07
20.24
19.63
19.30
19.47
19.72
19.63
19.80
19.72
20.24
20.15
19.72
19.47
19.55
19.80
19.80
19.06
19.30
19.98
20.42
19.98
19.30
19.30
18.59
17.99
18.74
18.29
18.82
18.51
18.07
17.37
16.90
17.03
17.16
17.78
17.92
17.71
18.44
18.29
18.07
17.85
18.07
17.71
17.71
17.78
18.29
18.29
18.21
17.78
17.57
17.85
17.92
17.78
17.92
17.64
17.78
17.43
17.64
17.23
17.50
17.23
17.64
17.71
18.07
17.64
17.78
17.16
17.30